0 1200 100
0 1200 200
0 1200 300
0 1200 400
0 1200 500
0 1200 600
1 200 150
1 250 150
1 300 150
1 350 150
1 400 150
1 800 350
1 850 350
1 900 350
1 950 350
1 1000 350
2 400 250
2 400 275
2 400 300
2 400 325
2 400 350
2 400 375
2 400 400
2 400 425
2 900 100
2 900 125
2 900 150
2 900 175
2 900 200
2 900 225
2 900 250
2 900 275
2 800 700
2 825 700
2 850 700
2 875 700
2 900 700
2 925 700
2 950 700
2 975 700
3 570 500
3 600 500
3 630 500
3 660 500
3 690 500
3 720 500
3 750 500
4 100 300
4 100 365
4 200 700
4 300 800
4 1100 100
4 1100 265
4 1300 500
4 1400 800